1111010010101000000010111001100111010001111111011010101110110100000000101000001111110101000100101100
1100100001111100100011110110000000101111010100011000001001000000101001111110111101011100100100101100
0000111110010000011011000101001000011110011110100100111110110011110010111111100001001001010101001000
0111010001000101100101010110110001100000101010011100101010101000110010100101100100000111100100000101
0010101001100100001011110011101000111001100000111010011001100110001100100111010001010000001101110111
0011100000001101010111000011001100001110100000000000010010111111011110010100000100000000000110100001
0110100101101101111010010011011010101111100101001000110111111010011100000110101011000001010000011110
0110010001000111000111110111000101111001000101111111111101101010000111000100001100001011101011110100
1011100111010000000110111011011001100011111011010101010010100110011101010110011100110000010101110010
0101111011110001100101011000101100101000110011000101110010111110000000111000110101111101001101101111
0110001101110110110111111111011110010100010010111111000110001011101010001110111101110000001000100100
0111000010011000111100101010010101001101001000100010100100001110101110100100101010011101010000111100
1101001001011101000101010100100101110101001101110111111111101100000001010100110100011101011000100000
0011110010011110110011111110000110100000011010001110100011010010011011111010011110111101101110010101
1111101100000010001001111001010100110110101001001101001111001110100101010000010100001101000101010010
1001000111101111001000000110111010100111101111001010101000110101101111000001110111101010110111100010
0110001000000101010100011000000000000001000111100100110111100110000110100100101000111101011000110011
1011111010011111110110100111000111010011011000011101110100000110101100001011101101100100011010011000
1100001101110101111010010110110111010001000111000010101010001111001110001111101011011010110010111100
0101001001011001001110001110011001000011110100111100100000110111100111011110110000011011111111101011
0100111101010000001010110111111111011000101000110000101001011011000011001111001100010100000000111101
0100110101100010001001100111010001111111011011010111110010110000010111100010001100001010001000100101
0000100101001101110100111001000001000101110110100100011010010000111001000010010010111010011100110001
0101011101111111001000110001111011101110110011110000110100111000011011011000001000001001101111111110
1111001001010011000001100000010001101010010000011110101110001111001110000011011001010100110101010110
1011001110010011010011101110101011011111111111010110101010011010100110000001111111001000101010101011
0000001100100111100011100110001001110010111000001110111110011010100110010000110111101010010001010100
1100010111111101110101010110011011001011111001101010011100001100010011011001000101001100011111001110
1101011001011100100110100011111101110011010101010011000011011000100110000001100101001101110010110111
0100101011011100000010010100001000110101010010011111010100110111010101011101000111010000000000011111
0011011110111010100000000111001110110101101111101000001110011111110000000001010110100100001000111000
0100001111100001110001000000111110111011001111010011110001001110110011110110101100111010111010001110
0101011100011101011101100101011010110100000111111000000111000011011010101011001111101101010000000000
0010101110010000111000101011011011001100001101100100110111101011101111101110011010011111110001110000
1100100001000101110101110000000000100101101101111001101100000100011011100111010101101110011111111111
1011110111101101001100100001100111101010111111011100001001001001000100011001010101011000011100111111
1010010000010111010100000010111010010101011011101000101110101010100111100110000000001010011010011010
0000101101001100101110011000110110110110001100100101010111011111010000011000000011101000101100010011
1110000011110111111010011000001001000010101011010011101010101000100000111100100110001001101000001100
1100110010101101100001000011111111010101101000110011111001110101000011001110001110100100100010100000
0101100010000100101100001001101011011010010000001011111011101101100110100011101100010011100001111110
1101111001110100000011111111100110011101011000100110101000000001111110010010111010010000011001000011
1011000001101010011000110101100111010000010010011011001011111000010010001001010101110010101101000101
0000011010110101101100000110000011000000100110100001011001100000011010001110011000010110001001001001
0000101100100110011100111111010111001000111001110011000001011101011000101110010111001001011011111000
0111111001010010100011000100111000111001101010111111000010011011010000110101011111100100010000011101
0010100010101001110111000101010101100010110011011001111110110011010110011101010000000001100110101000
0011011111100011011000010010011101110111001011110100011111101001011010011001111011010100101110001000
0100000000110000101011001011101001111010001101000100001000101101101101001111101100010001110100001111
0101101110001100010111011111000111000011001101010111101011010010110101110110110011111100011100100101
1001101010001101110110111101101001101000111111010011010011100100110000010011010001011111011110111111
0010011111000000100110100010100101010001010011110011010011000110011011100111100111110100010100010001
0011111111001011011100111100110011010010101101011000010100011011000011111100000000010111001101011010
0101000101010110101000001111101111001011000101100000100001111001000110010000000110001001011101110010
0111110010011100111101000111011011001001100001111111010000011101001000100101111001111011110110001101
0110000111111111011011011011101000000101111111101000111000000100001011010101011101101101100011100000
0001010110001010111000100011101110101010110011111000010010000001101001111001001110010100100101001100
0100111100011111110101100000011000100110000100110110100101001000010110001000011010100001011111000100
0010111111010111010110001110011010100010000001000111000001111110011011101101011111110011101101111110
0111101010000101001111101110111011110100000001010101001110000100000111110011110010100010110111001000
0000000111000111010110000110011010101001100100111100101101000000101100010100100110111110110111010100
1100111001101011111011100110101110001001010111100110011111010010000010000110101110110011111000011110
0010001000100001001000101111011111010100010000111111111001010000010001010110011010001100111010011111
1100111010010011100100111100111010100000110011010111011000101110111110100101001010111011010110000001
0110110011100100111000000011110010001101101111100010101011100100010101101101001001011011101101011000
0010111000000101111111100100001101010101001101001111001100011001101001110000010101011000100001101100
1110111010100100101111111101010011001100100000011000110110101101000100111110011000001011110110111100
0111011011010000010110001011000011000101001011001111000000001000011010101111100110111000000011001101
0110011111010011000001100111001010000111000100001010101010010100111100001110001110101011011111011010
0110000001001111110100011001111101011011001011001011111110101011111010000110100010011001010011011101
0010101011000011100100101000000101011001110010001101001010011100100001010100110101011111100011111010
0101010011100000100011010010010110110001101110010100101011000000110101110000101000110101101111001011
0111001111000101000111001110110011010110101101110001011101000101100100000101011010011011101010101111
1100011111100111111101011011011000111001100011111101110000000011001111110111001110011100011101011110
0000011010001110100010001100101101101010000100001101111110010100110000101001101101011010111111010010
1000111111010001100000000001010110011011010001110001000001001010101101001000111100111010000111101010
0001110000011111111111001100101000101001110011110110110001001111110101001011000100010010100000101100
0101101001110101000110011010001111000011111010110010001011011000010101010010011100011000101111000111
0101101110100011110111000010110000100010000100101000110011110101001100011100010110110100000000110011
0110001111101110010001100000000101110100101011111111111000111011000110011110101100111100101010100011
0010110101001100010011110100101110010110000111100101011010011000110011000010100100011000111110111101
1001000100110110110100111010110110111110000000111000010011001000011101100111001011000001010111111001
0011111100100101110101011101111001010011011011111110111011111110001001011110010100000001101100010011
0001010100001011111010010101111011000001001111001110010100100011111100101000001001111010011010011000
1111110001110011011011110001101101001000011101010001001001110110001111011010111010111011001101101100
1100001111101011111011000000110100110110000001110000110111111001001011101101010010001010011010010111
1110110110001100001010010100000101001001001000010010000111001010110011010101010111011111000100001110
0010100111101011001111000111000010011110010100111001111100101001000001101011010110011011000110001111
1101111001000110110010111001011100001100000010110110111110001111101011110000100101001100111101011011
1100111111010100001101101110011110000010011001011110000010011010010100010100011010010011111001110100
1001010011111101110000101110111100101010000010110000101010001010110000111011000011000000001100110100
0110100100000011110100010110111100100001101011010000111000110101001111010000111100001011000001101010
0010000111110001011000001001100111100000110101100000001110010011010000100000100100101101101010001101
0100001100101001011110111000001110010110011110101001001000010001100011100101110000111010001010011101
1011101111100110001001010111010001100010111010100011011101101100111011101001001100111110110010100111
1110110011010001011101110101001101010000111010100001001000000001101101001001110110011110001010101110
1001110001010111101000010010101111100111101101010111101100000011101001000001010110001000000100100111
1111000011111011111011011000100101111000100000011111110010000010001111001111000100010111000000101110
1011011011000000001101110011000101011110100010000100110100010100010111010111101110100111100111111000
1110101101000100000101011100111000110101001111100111000011011000011101001110010010001100111000100111